15326500
4061500
870000
1918500
854900
1230100
755200
1572300
902800
1238700
1243400
695500
1339600
1442600
863900
1280500
1073200
696700
704900
692900
1166400
759200
1059800
1425200
1790800
1332700
873500
753000
720400
691500
698000
741600
736500
1451000
1267600
1345200
1055800
1253400
814400
1750500
896400
1196300
1207600
1192100
1156300
1119300
1216200
1119500
1207500
1660900
905500
2018400
2028500
1354100
3184400
1585500
1426500
856200
1651600
829500
850800
1175800
1147600
1142500
1082300
1212900
1185100
1173500
1140600
1126900
1129900
1133200
1163000
1594400
739200
1064100
1396900
2503500
747500
703500
1074500
960100
697100
1131600
1123300
1647100
760300
1123100
1109700
1117200
6781300
1417500
1048000
937900
1198500
779800
823200
1276300
769400
719500
1062100
807800
1167900
1140300
1124700
1151000
1136400
599900
620200
1235800
1269200
799000
708700
701700
716100
1751900
939700
1179100
1786300
742500
771600
691600
1370000
780500
698700
728200
713400
699000
667400
678500
677500
689100
1060000
752400
1751200
770700
806100
705300
1199300
1178000
1551600
658800
1147800
1088400
1107200
1024000
984700
996000
1048500
1741400
785700
1090200
1048600
1070200
979800
983800
1015400
989500
987900
508500
1548700
1055400
1001500
1131800
1261800
1358800
1286000
1209700
716700
1384200
1204800
735800
1554000
917400
1157100
534800
1466700
1376800
1255800
859600
1232100
1214800
1110400
510900
1690700
1169900
1084700
1604500
774800
1067300
1102400
1604100
1033400
1279700
771200
1229400
719500
673200
698400
708200
1088600
704900
1206300
698200
714900
749200
773500
803000
1550000
749700
705500
1188600
1120800
1178300
1130700
1071800
664900
1051800
1142000
1631600
751800
1229800
1124200
1086200
1127000
1105000
1319900
783300
672100
1132700
1064200
1078900
1131700
1587800
1316800
2105800
893900
1049700
1106100
1100300
1909600
547000
1637000
1187500
1184500
725400
1314200
1372800
1331100
1080300
903400
1673500
706500
670600
690800
678500
675200
1055100
871500
1154100
798200
749500
681300
689600
1128100
1576600
755700
743800
689500
669700
1161400
765500
1708900
1025100
1353500
717000
669900
673600
694400
687600
670500
1048800
1356300
1450600
1414100
1314800
1420300
714400
1038800
1311300
1439600
710800
1071700
1089200
1014800
1059200
505400
1521400
1144900
1770800
717000
1168500
1004100
997300
971900
965300
1018700
687400
1047800
964100
928500
946800
950800
947800
999400
1055200
1075800
1239200
1023000
1099300
1067700
970200
966800
991600
1074300
508000
1425000
1067500
979500
946100
948300
968400
1098900
1031800
1076400
507400
1516800
767300
1053300
961700
1058200
999000
922500
1095200
1000300
1020300
815800
1332100
1282300
680400
1114400
1025400
1098900
1045200
1019300
1789000
632500
1030400
978500
948300
964000
951300
1471000
1028700
692100
1000200
1106100
1088400
1046400
974800
1044600
1062400
508200
1572600
1038100
1028400
1093700
1031400
1101100
690000
1142700
1037600
1022600
507200
1079400
1035600
1106300
1053100
1045000
1669500
1197500
1134700
1091000
1215800
1563900
729300
1131600
1148600
690100
1089600
685400
1139300
1172200
1196700
1165900
1172600
1181400
1553000
1437500
928900
808000
751700
1220000
792600
520500
2540400
2914600
1597700
1329400
753000
510400
1555500
1053100
1092800
1095900
1051100
1019100
1055100
1026000
1017900
1071400
1121700
1052800
1144800
690100
1116800
1048900
1104700
1097600
1029900
1119700
1047800
1195800
1033900
1184000
767000
1119100
1249400
687000
1120100
649400
1111400
1096100
1034300
1106100
1085700
1085500
1608800
797300
687800
1117900
1104100
1177300
675500
1188300
507500
749400
1063600
1125300
1121900
1128300
1108600
1188000
1146500
508500
1591800
1494700
1005100
1159200
1041500
1039000
1022100
1021500
507800
1532300
1087100
1056600
987200
981900
976500
975100
1041800
1423400
507600
657200
507800
1502600
990700
985700
977600
1031800
1015800
990600
1023100
884500
1047300
1003400
986900
1034600
1139700
1116300
1077300
995300
1028200
897800
1157400
1057200
1024000
1063800
988300
1063500
996200
506800
1586100
968700
1104700
1035100
1123600
1057000
1059200
1246500
542500
1476100
703100
1084600
1125700
1244600
1097300
758600
1520500
676200
1093600
1089300
1106700
1062500
1023300
981000
973700
982100
1030900
867800
1039000
1004000
985000
971000
1156500
1106800
1213500
508200
1546500
1108600
1001400
1035500
921200
986500
983000
981200
982500
506500
1471900
971300
1015400
1236900
1075400
1039800
987300
989900
985500
508100
1472100
1039100
1018400
980500
1513200
657100
1048400
673100
1093700
1116700
1065700
641400
1049400
1019800
1039200
1104900
1060600
510900
1543000
1243000
1120200
1120000
1621300
808500
1212300
1145600
1133000
1096000
1104800
1086500
1072200
1073500
1054000
1024200
1045700
567200
1550000
1554300
700700
1141100
1068000
1028100
1027700
1038400
957000
1111700
1058300
1048400
1029600
1617900
774700
1012100
1048400
508000
2054000
672400
1061200
1027500
1050800
1029800
1028800
1015500
1035000
1106600
1070300
1067800
1010400
1028700
1034700
729200
769400
1084100
1030800
1075000
1066500
1011900
1024400
4431500
1760600
2148900
3002300
1721700
1555400
1536400
1043900
1230200
1206000
787700
1147500
766900
1034400
1524200
682500
508400
630200
1028700
1034900
2038400
872000
506700
748400
1218100
1169800
1160400
1557400
1771700
781800
1584900
932100
989600
1031500
1033900
1013100
1029900
1022600
1042100
508900
1543200
1576100
963400
1347300
648400
1026600
1019900
1019800
1026500
1008900
1007400
1016400
1040700
1029300
1019200
1028200
1523600
1177700
1180500
1092800
1503300
1166600
1052000
1036400
1035400
1028100
1026400
1005200
1016100
1053500
1028600
1751900
1294000
770600
1557600
770000
1139000
1152300
1129100
1125400
1034800
1177700
701900
1558100
646200
1485500
817100
1209400
1047600
1150900
1071900
1568300
704500
1059600
692100
1151700
1120100
1135900
1169400
1650200
1024300
809900
1525500
794200
1156100
1046500
1155500
1116400
690800
1036600
1538900
1400000
1140300
1576400
858100
1231800
1753400
3227800
1099700
1064400
1094900
1260900
1374000
1050700
870900
1399100
1336400
1194400
1653900
1094900
777700
1276600
1161200
1147600
1039900
1040400
1028300
1032800
1134800
1160600
1258600
1053600
1038200
1028900
1020900
1027600
1085500
1068000
1026500
1037700
1004900
1054200
1044700
1536100
654900
1182200
1126700
509000
1543200
1011800
1554600
755300
1052300
1032500
1028500
1028400
1026400
1026700
1132100
1376100
1273000
650700
1031400
1024300
1537800
1048200
649800
1041000
1812000
636800
1029900
1014000
1015300
1558100
1021000
739800
1101600
1518300
675400
1042300
1050800
1025800
1012300
1026300
1077800
1085700
1047600
1028100
1021800
1192100
1201400
1090700
1120400
1035500
600300
1019900
1022300
1022600
1033300
1033200
1025300
1032000
1030000
1025600
1308100
669000
1285700
1048900
1075700
1542400
1938900
1091000
1165300
1047200
1150300
1118300
1134800
1570700
1040600
782000
732100
1136800
1158600
1184400
1157300
1058800
509300
1553800
1406300
1110400
1002300
1480200
3572200
713100
1224000
1137800
1092700
1585700
725600
1060900
511300
1554900
1027500
1258200
1271800
1089900
955700
971700
992700
1050100
1056900
1122600
1057700
1029500
1011400
1020200
1180900
963300
1039100
722300
1068100
508500
1063700
750100
1051100
507500
862700
1068200
507800
847100
920300
1029400
714300
907100
928400
1039100
708400
854500
522700
926700
924600
1049500
692500
829200
1042400
705000
1036700
756000
1048100
1073200
558500
522400
964000
1031200
743600
1043000
737300
1060500
508700
1054000
734900
865700
1052600
535400
1002900
1022800
743400
1078000
636300
1070300
727300
1059800
681000
866600
904500
982300
1018200
577700
950800
1049300
699600
876800
855200
866600
856000
856900
1069400
674600
1051500
511800
1075700
691900
861100
860900
577000
1009300
924500
1052400
1473500
1051100
703800
1079200
521100
1070400
813300
1012300
956700
1410400
924500
1040900
1193700
967000
982000
1041200
725000
855600
861400
568500
1027200
508100
1075500
1023800
1040100
508100
965600
1035600
773500
934400
1041900
1053900
522200
1061900
509300
630800
1566400
791700
737300
509700
1478200
1615000
600700
518100
1093500
693600
997800
914500
985100
1028000
1076400
508700
1049600
744000
857100
848100
866500
855700
857600
869900
820800
1052600
914900
1068200
1051600
1058200
925600
1042200
776100
1046900
914300
948000
927400
1040000
788000
1059300
772500
1050400
773800
1051400
814000
509300
1677900
1093600
507300
1099300
713000
891200
1068000
507600
854300
860900
839000
828600
1038200
722000
1055000
507600
855700
1070600
579900
929900
1031200
719200
842300
1040100
703700
1050800
704200
1064300
507700
850600
1068200
507700
853900
1012300
668800
1147500
521700
944900
1033400
752000
833700
850600
850700
1055700
507600
1043600
1228800
509300
1049400
711600
846100
850900
912600
935100
1046200
960100
793700
1032200
1025800
526700
1060900
507700
1066400
508200
826200
825800
815800
1036100
527100
1036200
508100
1045800
508900
842200
581400
902500
907700
1038100
508600
783000
1038100
508900
1076200
508600
852400
808600
806400
807600
896300
1102300
509100
806600
1048900
579200
1045300
1053600
508300
1055200
703600
845900
1068700
507800
834500
1031600
747800
1110300
1177100
695100
1023600
1556800
1610800
1470700
827600
580500
1669900
578300
1036400
507900
1053700
507300
1037400
812300
1037800
508000
1042900
711000
1050700
1209200
616600
1041300
532100
704000
505100
534200
708300
561200
519700
703100
1032900
570000
1030500
506100
682600
521100
1075500
653600
1066300
642400
1053900
506500
549600
1054400
716100
521500
968100
1071200
526900
707400
525000
523600
707200
521500
1089300
655100
521500
1090100
645600
521500
516500
1065400
505800
538100
1085300
691400
1399700
522400
529400
711700
521400
1083600
1555000
506700
713400
521500
1093100
653800
521500
627500
1047200
508300
535600
1128100
644100
521100
1093000
635400
521300
515300
538600
1093300
653900
521500
1091200
635600
523000
1077600
716700
735200
1035300
1087200
506000
1073500
586600
715300
521500
1090100
668400
521400
1078900
649700
521600
988800
521500
1144000
506500
540000
533600
1088500
509600
1693500
1082700
1071600
595000
1081000
599200
1067700
512100
1111900
796100
1054600
923800
1047300
508500
1054300
505800
660000
1178000
1194500
1237700
522500
1290600
506200
1057000
509700
1065100
738200
837400
1042600
1478800
1049800
1115500
717400
1044100
543400
1139200
530200
758900
931800
1269600
970100
1039900
935300
775600
1131500
1301400
1630400
1533000
583700
1057300
759600
1059800
734900
1084500
511700
534900
525700
780500
1042500
510900
507600
1056400
1094700
1091500
811900
522500
527500
1065700
597500
1075600
600700
714700
522100
1093200
537400
543900
1137900
1072800
1559600
508900
542400
519000
1081100
722300
1042300
624500
802400
522300
522100
536000
1041400
792800
521700
525200
736200
1048300
509800
1073600
506400
540700
1078200
1055300
513500
1083300
523000
1071000
611600
692900
521600
1097000
636500
521400
1102200
552900
1021200
943700
1074100
558400
1066900
559000
1767700
1435800
509200
1106000
713000
740300
521500
516900
754400
521500
1038700
1071000
510200
548400
1058800
524300
1066200
748500
1057100
1253100
650900
1063200
511700
1072000
508200
521500
1058300
694100
1050600
626100
1068700
835100
631100
559300
968400
827200
1087500
607700
919000
1053900
1094800
671600
783400
756000
754800
756000
781600
1111600
707500
564500
1037800
696000
526300
1122300
560900
1108100
628500
1045600
579700
1061700
1176400
142100
1021500
1120200
804300
521200
1104700
509900
531900
527300
690200
508300
535900
658800
508800
541400
1113100
729900
1059600
830400
1047300
651600
1069600
537300
1071100
649400
1057800
714200
1053800
571700
1070400
659500
623400
573700
535200
755100
1060400
511400
1087400
521300
724100
508200
1096000
642500
508600
831600
1090500
834200
637200
508900
746700
684600
683900
509000
534200
533900
535000
752700
1063100
511000
518100
529700
524600
1638900
509200
1093300
541600
535000
542600
737100
1087800
539700
1059200
539300
1061000
659200
814900
1062500
564300
1061200
651800
598500
1060000
601400
742100
1072600
521100
538900
620900
690500
1060300
587600
674700
1053400
572700
538500
1090700
670900
1104100
550400
721400
1034900
575800
1151600
789500
823200
668700
506400
557300
532800
1077000
727600
809200
1069800
745000
639000
1048000
577100
592800
1061300
638800
534300
1058800
676400
762700
1081400
1116500
737300
652700
521100
1071600
1183400
567400
1060900
559800
702100
522700
533400
818500
1083500
594300
643600
1063600
535200
657700
508800
523600
710200
510400
525100
679000
516800
535800
730500
522600
1095500
675300
521800
1127100
1596000
542000
738200
1079100
556700
715000
521800
1093500
648500
521600
1094400
637200
1029800
544500
531300
1098300
649700
521500
1118300
639000
1079200
511300
1095900
559600
1608400
522800
1117500
599000
1089300
597800
1075200
509600
1085700
511100
1073700
525700
833800
523900
521200
885800
1052800
509500
1113100
510300
547800
1096800
657000
548300
1097400
534500
1071300
510300
834900
694800
1069800
588400
706500
747600
763800
760000
1048800
1098100
512600
564500
538500
684700
758700
765900
757100
760300
896100
1048900
1078500
565200
694600
521800
1084000
650400
521500
1083000
922500
1057000
800000
521700
538000
1091500
560600
1105700
713100
721900
1059800
719900
652100
508300
538400
648800
508400
1086300
625800
509700
513700
645800
1049100
1366900
1037200
1073600
785900
1322100
841100
1053100
1080800
655100
775800
1050600
703200
872600
1059500
1696400
725400
1053000
643500
718800
1054100
749700
1041100
788000
942200
1090800
1045100
506800
1093200
508400
1053100
1076900
1100400
1040400
809900
1047300
508700
520900
574000
676900
1052800
603700
713700
1086100
508600
517800
1460000
701900
1418700
918500
1166700
506600
1062500
664900
1284200
1197000
1157300
706900
1084900
1195200
507900
1153000
573400
1062000
511200
1080300
1212000
919100
1053700
510500
528700
1060800
640600
509600
530900
670100
510300
592700
1060300
598000
1064200
511500
1084000
511500
530800
1088300
759800
1066900
525100
548600
540700
683800
522500
1106300
560100
569800
1209800
635700
1050500
524500
1082300
539300
537500
628600
531400
1089500
675200
1092400
509400
1056300
1104300
602200
787400
1054500
514400
1079900
522000
680200
1038600
509600
1099600
568400
661600
1080400
560700
404400
1597000
558900
1062000
510900
741300
521700
1085000
684900
1052900
530600
746800
522300
520000
552100
533700
544800
554100
731400
522000
1084000
804700
1076200
687700
521800
1097400
700800
754000
547300
1098600
617100
749000
751700
756400
771800
759800
790200
522900
1108300
655100
755200
534500
1655600
522800
545300
1172800
666600
1074900
639700
736100
896700
650700
778400
523100
786000
751000
755300
754500
762700
750100
770300
755800
939400
695800
862300
819400
1080700
152700
1035600
1106700
587900
686100
749700
754700
759600
781500
1593700
645300
762500
872600
667400
719700
869900
663000
1086900
539900
545700
1100200
615900
556200
956500
545300
1108100
683300
622600
521100
540300
685800
548100
1097600
609900
521700
530900
684800
1067900
1089500
521500
740900
546500
1097900
668400
670400
546100
1119400
543100
558100
539900
658900
546500
1097500
670200
548200
1096700
621900
663100
521700
638600
642800
523200
539900
672600
545800
1096700
722600
690100
1085300
511100
734500
509000
526600
1558800
509400
740800
521800
1109600
536300
1068700
1063900
514000
1094200
599500
566500
1098200
611000
1072400
507900
1077200
524500
1095100
593700
749200
1067200
1127600
1066000
509600
1124700
1083800
563500
506400
1082100
670600
1061200
597600
528700
550600
1014900
1101600
686600
528800
1090700
654400
505700
529600
696900
1064100
614300
672800
1041100
559400
1287700
559500
506100
978800
634600
664600
1065800
507800
708100
505800
1064700
649600
505700
515800
675000
505800
1057600
693900
1052100
678500
785800
508600
560700
546100
1069200
691900
669400
505600
596700
644500
1040200
611000
720200
1048000
1090600
552700
766100
554200
590200
931500
522100
778800
551800
1098000
672000
676000
855100
1145500
826700
1290600
1269200
1324700
856300
813300
829500
907000
1300700
854100
1275500
1701400
840100
1295200
1743400
889800
873700
993300
1243900
1704300
787400
1441100
985100
892500
836900
1247700
1123500
829500
799000
1105900
971200
1675500
1492000
1433800
916500
881600
1118600
1644500
1145900
853900
1724600
859000
1276400
1729900
1034700
1508000
833600
1239400
1266700
2200600
1063500
1260500
1259100
1284800
1296200
1831900
1569900
1620200
1581900
2023000
1436800
819100
833600
863100
1072500
1418700
2244600
1571900
1818000
1492900
1552700
918700
799600
1254800
1251800
1755600
1320000
2081900
879200
808500
1890100
1449900
885600
805300
1681800
802200
1893700
1288300
1607500
1406900
650500
1585700
1841300
833400
801800
795400
1232000
1946000
1718500
1477600
1754500
840200
1282200
1508800
1009300
1302200
917400
2026900
1461600
865900
1348200
1827200
2823900
1321000
812100
1225300
574800
1728600
1498200
933600
1303100
1596500
1412600
1457000
987000
830900
1884400
834700
1302000
1441200
955500
1339800
1389000
1573200
988300
1144500
1642900
1295000
829400
1858300
1332800
786500
1290800
1611100
2192300
866500
885600
1255500
855800
1264100
1827800
1509100
1457500
1384800
1783000
2036500
1552800
1461800
1400100
1425100
1053300
547500
1109000
603100
684000
1055200
507200
1083900
1070500
510300
1105000
1120200
510100
523500
519600
703000
1057100
1070400
554000
734900
521700
521900
735100
522200
1073800
547400
1018900
670300
1122900
548800
757600
547400
1092800
704200
545500
1139000
680100
1071100
542400
528700
549200
702100
545800
1086800
733000
873800
1064200
508100
1091300
687900
521000
543400
683000
521200
542900
699800
1081700
539900
1108200
604700
687500
546600
1089300
713100
521600
1054200
598100
1055500
802300
509800
529800
721200
1071600
670300
547800
1056500
1098200
511500
524700
539400
660700
508800
529200
680800
1043400
634400
522000
1085900
793900
534600
527700
719000
508900
527800
802100
1076300
756700
652700
509100
1025300
536500
1080200
698100
508000
1092900
1066500
736100
1042200
1103200
664700
522300
1079500
664000
1036800
507000
531200
526900
721000
545400
1099300
717000
625500
556500
1331500
509300
1110600
648300
1040200
555200
1085100
510500
1070100
511500
1084900
616400
1591200
512000
1076400
511400
1138500
711300
1029600
776400
1055100
1019500
788100
1160800
1602000
508400
713000
1052700
509500
1069300
698200
1112600
546800
1159800
1075300
506800
534400
1093200
712200
1045000
1094600
1098700
699200
1104400
1078700
587000
728200
509600
527700
735800
1073300
589600
844400
1085200
783000
1080800
510500
783100
1074200
512200
1107800
512300
1076500
1084900
886800
1032600
573200
1626000
515200
1065400
508400
543300
539300
685700
537200
1173200
1248800
1705800
1068300
1094700
547000
1091900
508100
758000
513500
536900
546900
1062100
652400
534200
1252400
524100
747100
1031900
519300
1073400
568200
1060900
698700
746300
749500
521300
1086100
688900
764000
761700
760300
743900
758500
752300
757700
360200
1138200
521500
581000
680600
1085700
589700
812000
744500
781500
778200
775100
899700
1227400
1264400
1433300
1946300
1706100
806700
558900
2657300
1034900
841400
792000
806500
765000
1353400
895200
1560900
833300
1740900
5250000
1996600
24654900
2570500
1357400
1674600
1056100
1282600
1029100
1309200
1034200
1464100
1028100
1253000
1025900
2121900
2561700
1025000
1024400
530600
1738600
1045700
1243700
1041600
1252400
1026200
1622400
1385200
989800
3336300
1255800
1064000
771300
1033900
506000
691900
508300
516000
597400
506800
1039600
507400
724300
1043800
1590100
1039100
1127200
719100
791500
1582000
622600
1030300
1065100
1050400
1011400
1059500
822700
576100
1035600
726600
1065900
1187400
1041300
1066000
803700
1042900
506100
535200
545500
533200
521900
512900
1039800
528700
521800
531300
1058300
508000
611700
508200
1066600
507300
669800
1043100
507900
615300
507900
1063300
592200
507900
1089200
561800
518500
535600
1073000
545000
540700
536900
1077800
507600
915200
1080600
526400
541700
1086000
510200
529000
530300
521300
701000
507000
945300
506500
1038700
626100
633400
506600
1038200
629800
665500
614500
524400
1090400
511100
1062000
508900
795800
1050300
625600
677500
521000
1055400
506000
1044200
524600
1059600
1065000
607400
723200
1037700
507300
634100
506600
1040000
656000
587000
507700
1048300
1094400
508400
1051400
522200
654800
521700
1096100
631600
521500
1072400
785600
1044000
513500
544600
1094400
654600
1068400
547000
1106000
697400
1042600
634400
1048400
718800
521400
1120200
548100
1084100
645200
643500
1036800
510600
1077900
686500
672300
521100
1096000
658400
521600
1086600
937500
1060600
581700
1038900
1542900
506900
1141700
506700
1045100
1093700
543400
526500
697500
1060700
551800
529900
1057000
506800
1065000
642100
1057900
1058500
1096100
1648500
773700
1051700
506900
532700
545400
789600
1054000
984100
1039600
631200
1142700
1046900
575600
617800
1035900
784400
506300
545300
672400
534800
1110300
687200
647500
1034700
568000
1085100
619000
960400
1049100
1060500
751800
624200
1040900
1077400
736100
633200
521200
1079700
629000
521700
1080600
517900
1100700
684100
1062600
1452600
1174400
510900
1072300
616400
1063700
723700
508500
524100
708400
1063100
508800
530300
526400
1080300
644800
725100
1079600
1051500
751700
1583100
1135400
523500
1075900
568800
1059700
1090900
517700
1072600
639300
1066700
537200
1049600
656300
1033100
672400
1369100
1027000
603800
1055400
838000
505200
1030800
519500
545100
1038200
505600
1410000
509400
1172500
1063100
653400
1207300
794100
683000
1083800
1082200
509300
1059400
506900
581200
524200
717900
1033200
506800
916000
1037300
510600
711600
1051900
1019000
1697600
976500
1046500
567500
1025800
742700
1053300
546400
747600
1041700
1735300
506700
1076900
599000
1058000
562100
994600
517600
1075400
509600
1100200
602100
723800
508600
539000
691000
1144900
512400
754200
521600
523600
710200
1058400
642600
1401700
934800
640200
560100
526400
705400
533000
1097800
640400
508600
654000
1079500
510000
722700
508500
1088200
625800
521700
537900
546700
1588500
631300
1050300
505400
704400
505500
574400
1062800
510000
1074500
1076000
612200
1069200
521400
702300
521500
1655000
713800
1149600
1031200
1049900
507900
1012100
1100000
593400
673100
1047700
507300
729100
505800
543200
677700
505600
538200
533200
1025200
632600
1050900
926400
1040700
517800
546000
538100
684400
1061700
510300
1052100
606300
1062400
506100
730600
505800
554600
676200
505600
633100
642600
1048900
669200
1126700
1082800
506700
741600
505700
551400
680600
1039000
566300
510800
1088800
1182500
623600
1050400
1204800
506700
816200
1039400
603500
677600
1072900
738700
540500
516000
1048700
648200
1114800
686300
1051800
796800
1037700
593100
760100
796000
549400
1058800
702500
1057200
542300
903900
1067900
509400
729700
800300
717800
521200
547600
721300
801100
715000
619000
1089700
557800
562600
533400
749200
1058200
611500
716300
510700
1120000
1058700
654400
721800
510100
681300
521000
534800
711300
793600
710600
799000
559800
1070100
645000
754600
1036200
1067100
676200
723400
1108300
508400
1077000
666800
699500
510800
542400
707800
521000
1095600
536300
1110000
539900
689300
1067200
509800
537900
523100
742900
897300
1220300
1101700
1072300
584300
1041700
509100
746400
508600
527600
689000
508800
528500
699800
508700
517000
714400
509000
539100
702400
1070400
573400
1081100
583100
1060100
507400
1097500
556800
726400
508400
1094800
649700
586600
1047800
558100
1045400
509600
527600
1106100
699100
1053800
555700
1073400
1084300
1067900
649000
1048900
545400
746600
521300
537800
710600
521700
1091800
626400
521700
1069900
669100
522000
1096900
626700
521500
521300
914800
1058300
509500
711700
521600
1101200
637900
522600
522800
551200
1062800
670000
688900
521600
1169600
520600
567600
525400
686100
521500
1092500
559000
1373800
507900
1079800
511200
752000
521500
1074500
1570800
607900
683500
521500
1133500
747400
1040200
510100
1084700
626500
1075900
1619900
719200
1054900
1046400
566500
1040900
524300
1069000
559000
1157300
508200
765200
521600
1094200
612500
521100
526200
680500
1068000
554600
676400
1037200
705100
521500
1094600
558500
567200
1092900
559500
524000
526700
516300
679700
521200
1094300
633200
521500
1093400
559200
1085200
814000
532300
1135800
775000
521400
514700
679300
521700
1102300
1095800
598800
681100
521600
1092200
638100
521600
1108700
632500
1228800
1072400
745700
796500
1072400
610700
663900
522200
1235200
647500
522300
1072200
675900
521700
1096900
559300
568000
1073200
673200
1058800
547800
713900
802000
703100
1050200
505700
726300
1079800
738500
891000
1062800
641500
631200
1035800
561500
679500
1064800
538000
696000
1060800
563500
686500
506000
546400
696100
505600
531800
1086600
510100
735300
803100
721300
800100
559800
1022000
627400
521400
1052400
748000
1037200
506400
1058100
730300
730200
798200
723900
800400
1069100
508800
755700
505900
545800
696900
505900
525700
717300
505800
540500
539500
1114100
758400
618400
505800
550300
533300
1057900
646400
632900
505800
530700
532500
1085300
687100
505700
546900
738300
1068900
1337900
868000
810000
795600
1301800
772700
1311500
526000
2121700
957100
1163400
820000
1329100
1324400
1494500
1486400
1429400
757000
751000
930800
1435300
1236800
1581800
1552400
2700600
925300
798600
1096900
969500
1263200
952100
922200
1216200
910200
1064900
1608300
1777900
1388100
892700
910000
877700
1899900
1522700
1403000
882600
1373000
923100
1839200
513200
853200
1282000
1230500
1263200
2173200
1670400
514300
1834100
806600
1362400
907300
809700
1331100
1261400
1246200
1255300
1830100
1086900
812700
1271500
1844700
931200
1218900
1275900
1236300
1264600
1635900
1422400
1408900
2037200
857600
837100
796300
878400
818400
1675400
1660700
990000
1650400
1916100
1405100
1123600
1569100
880800
1323000
1318100
1238200
1655000
1291400
1760200
1363500
1540700
1478300
907300
1737300
1536400
1308000
1408300
869700
1382400
1643100
839700
518400
1537700
836200
1352100
884400
880400
1242700
1669400
900300
1950600
903400
1273500
1569500
1575500
1043500
1563000
1394800
839000
1089100
1852600
1381800
1490100
1382000
1405500
1360800
1547400
826400
535800
2447300
870400
1894800
1391400
1516300
1082500
2603400
1583500
1623600
1555900
1538800
1039300
1631800
1620200
1352800
1396500
1640300
1111400
799400
1246800
1245600
1412400
858300
856600
1063900
1698200
1316900
1611300
1340200
1852700
1075000
1180400
1518700
838000
828900
935200
828500
1632600
2008700
1534400
808900
1045000
1582300
1765100
1071900
1673500
1009400
1290900
2261100
1562200
531100
2002100
781200
1272900
774100
819000
1307300
815300
1712600
783900
1386600
1564100
798500
775800
1724100
2145800
1501100
1030600
745300
1675500
765900
1344900
1837500
1178400
761800
1697100
769800
788500
784300
1665700
760700
1220600
1666800
849600
1585300
1321300
1089500
1436700
769000
818200
761000
1532900
1444300
1048800
1323900
1465000
1684100
1774000
1203600
1061600
1324600
837000
765600
1531900
1626800
1293800
1616200
2031600
967600
1001600
857500
1304300
1685100
890200
1253000
1244200
1265000
1924300
1491800
846000
1724100
860300
1705500
971300
1284500
2244500
783700
818400
1278700
1378300
835300
922600
788200
1249900
1071300
1050400
1248600
1705300
850600
1697000
928200
1146200
2303600
947100
1682400
782400
1256700
1688600
888100
1256000
1295100
1241400
1264200
1694700
1357700
830400
1106300
1970600
797100
1244900
811900
798100
1249700
1277300
1685400
938300
1941500
822400
867700
790200
1254700
1272000
1328200
844300
804300
1249800
814900
1698600
790600
1612800
890700
905600
1304800
1700900
1045200
1769600
1613700
1349400
829200
1702000
902900
1722300
1336800
813300
1715800
964000
810800
1247500
814000
1315600
1697200
1064400
1008700
1788000
826200
818600
1418100
1347600
1593600
835500
1427700
840300
808600
823600
1331400
1590600
1768000
794800
1830300
820900
1302200
1260800
1253700
1247900
805100
1239300
825500
871500
1590400
1117900
1303900
921300
1468200
1418800
792300
1314000
1600200
1573900
1651100
1533800
836300
800800
774700
1173500
793300
1662600
1284700
1239600
859600
1548400
1657700
967300
1357900
1340700
898800
1683200
972200
1555900
1527800
878600
945700
931300
1408400
903300
1061100
1312100
917000
1263000
1271900
1252900
1670100
1102500
837600
1982600
1391800
1464800
873800
930800
1653200
773800
809300
1155800
1752400
843600
780000
1066000
1429800
912700
1363000
801600
765500
1280000
1641800
946200
805100
806800
1796700
1386800
1535600
971400
981300
851300
1302600
1434900
855000
853200
1546900
2720000
4066000
1614600
2011100
893200
841700
791600
755900
1432400
1593700
1849800
1515800
1432300
1657900
513500
1590100
964000
1400700
1664500
1744400
1143800
1272200
921500
1725600
807700
1338000
927000
1701400
1394500
1611900
1499300
1433000
1740100
512100
2156700
963700
934300
1265200
1266500
1285300
1402500
1369500
1737600
1593600
864000
917900
1259600
1151800
851300
1652000
804000
1266300
1990000
1568300
1146000
1365800
1824200
1246400
1660900
1570000
513900
1818200
1342900
1554800
1018600
1002900
1695800
1200500
1061900
1171200
817300
779700
1265900
1265400
1257400
1124300
1514400
1297500
876400
1228800
1645500
804100
1705700
990500
900000
1281500
1295600
1756200
1036800
1353600
1698600
806800
1377000
874000
1208300
1756100
513500
1644200
1686000
1351800
1760900
947900
902800
1673200
921100
1355600
1622900
1105300
1740800
920800
1129100
1630400
1593700
947100
951400
1420300
2295100
836900
969900
861500
1478700
1726400
1632300
955400
837900
1327100
1283400
914000
1376900
1608700
976400
1772500
1346300
1439600
1252200
1303400
1652500
904400
1290100
1305200
1282700
1264700
1275300
1244800
1344500
1040900
917800
981400
803300
1257500
1250600
1316100
943400
1246100
838500
1290800
1352200
748200
828300
1300700
1064100
1621700
1199100
1401300
1222100
1432500
766300
1069900
1615400
1257900
1213900
1324900
1385900
1265000
2006900
1473000
2424900
1424000
1245200
1260200
1206500
1701400
836200
1265500
1261800
1296700
1655100
1747000
877500
885500
838900
852700
1743300
785500
788100
779400
1681800
893300
1346500
1503800
1414600
1260300
799100
2046500
904700
1720100
865400
1278600
848500
1466500
1917400
1845600
873100
1014000
1730500
879300
1284600
1537700
1516500
796600
1372700
1277900
1356500
1797100
1551700
1334700
843600
1287800
1655200
853600
1313300
1542600
1462300
1774200
1461700
1172700
1584900
1625500
815200
1406300
1063800
1836300
1544600
1910900
1976200
898700
793600
1232600
1262300
1212100
1246300
1213600
1344400
889700
2065300
2854800
1786000
992500
920500
1363300
1271300
1393400
813400
1228600
1012100
2096300
1578700
1429000
890900
1235600
1229300
782300
1250400
1240100
1225900
1243300
1229600
1186000
2439300
1460600
844400
791600
1658700
800000
1334700
1293800
1250400
1239900
1246300
2186800
1684100
1281700
1102400
811000
822300
1266600
1335600
817100
1088700
1602000
1898300
1593300
1490100
830300
1063100
1332900
860100
802100
820700
808200
1418100
2029900
1488100
1417100
938200
799700
831500
1126400
1514200
846600
1380900
1412200
1401700
1542800
2106700
1632100
1601600
1076900
1055700
1046100
572100
1063800
1697100
1129600
1486600
758900
1046900
1034100
508800
1153000
1069200
846900
630500
1057700
779700
1558000
2078400
2075900
1269200
770500
1052700
1278500
1110000
1025200
1070600
622300
1036600
742900
1134000
952700
1094100
806400
1126200
1050800
509600
526300
635000
697900
508000
1067900
593600
508000
1066200
617100
1045900
508400
521100
1057200
738900
1049300
662900
776700
1207600
1044000
649200
1149800
1042900
507800
743300
1041100
546100
707700
1037900
506700
708500
508100
518800
681600
1025600
925300
666800
588000
1309900
592000
1041700
705000
963400
508000
529000
1191600
1046800
626400
1053000
508300
632300
507500
1062500
1039400
1854800
1026400
507200
1082700
1118000
557000
670700
508600
1079300
673000
609500
537600
657200
508400
1151700
572500
509100
1082700
1014000
1069300
1083300
853000
1070900
712800
702400
1049600
551400
1103400
508700
1095800
549900
1080600
649000
509000
528200
741900
508500
1048700
560700
1070500
1093600
514300
583600
1092700
603400
1045800
543900
813800
1073000
598100
1056300
571800
688400
508600
1093300
619400
508700
617600
1078000
1140200
1082100
737200
1096100
540400
508700
553200
1051800
1240900
1066500
816600
720300
508800
695900
460400
1061400
921000
1052800
635300
1053400
1142700
591300
1080500
744000
1029300
1079200
506900
1065400
522400
539900
1088200
750600
1060800
586100
1355300
1025900
535200
1193400
1071600
878100
1069200
819300
858100
880800
847600
601200
1049500
635300
586200
521700
534700
659700
1042000
514900
1059700
647600
556700
1113900
911100
511900
1060000
537800
540400
533400
663200
509000
1093500
598200
508900
1213800
620600
758400
550400
914200
508100
1087100
1203500
608500
670500
531700
526200
696600
1037900
558900
713000
855600
599300
505600
547300
664300
1073800
575300
727300
505900
585300
961600
1049600
1112500
506800
837400
855000
784900
854300
613100
505900
593500
506300
1059400
745900
643200
1072900
605500
629600
505800
780500
1273800
1106700
1055800
685000
1072400
648700
505900
1088000
628300
506000
1088600
637200
1101400
1073200
593500
908500
792700
834100
747500
1046300
672900
1061700
1057700
1091700
541100
685600
508400
1084000
661600
521200
1083400
657300
1066700
568100
684300
545200
1095400
660300
978900
517000
1087400
1089900
1096100
521300
722000
545800
1146700
711600
612500
521500
1084700
540100
1078900
655800
777900
545200
1108900
718900
548000
1071800
565400
1132900
1043600
1056100
504900
756700
1042400
545900
779300
1069500
542800
1642000
585600
726900
545500
1108800
711800
548300
1090600
655900
545500
1074700
1163000
1103700
510000
1081500
630100
1074400
608200
1044800
684200
730400
1035800
506200
505300
725200
1051200
621100
1036700
826900
1086700
1080200
589700
521000
1105700
547800
571000
529300
517700
537500
536100
1080000
667800
545200
1121900
714300
547600
552900
1052100
1084700
1023600
1077200
1596300
562400
702000
545600
1095500
621300
556200
1098200
715800
1089600
626900
614100
521600
538800
766000
1067600
513100
1098100
815100
957800
1038500
823100
1052200
510000
1045200
1062000
510700
549200
1087300
664100
521600
526500
713900
1057200
661900
1085900
614100
1059900
666200
1063500
647200
1113600
1796800
1077300
650300
1039500
1082600
509700
1077400
553900
1079200
840800
1172000
956000
1057300
1068700
505400
1046900
651200
1074900
852000
1035200
1075900
629000
657100
1054800
1071000
1985000
1022300
2345300
1231300
1270300
1052500
1244400
611200
1042500
882100
1035800
568600
1148700
1080700
506100
1078100
650600
1127000
1081800
570500
1059800
523000
1077700
523700
823500
1060300
537100
1105800
676700
1080100
513400
1091000
508200
1070500
801400
1311100
798300
1040900
1081600
598100
1045300
1077000
510100
696200
509100
775800
1038600
508200
614400
507500
1056700
618000
1063700
809000
909300
1118000
549500
1072600
535600
1057700
511500
1060900
508700
1064300
523900
1084800
507600
1053000
530600
1052700
1064800
608400
1045900
507600
522700
514100
891200
1049700
596800
526500
885700
1137900
648500
1120800
1041300
508900
1084200
651400
757800
537100
521600
829300
1036800
527400
1050800
604700
1086900
510800
1073700
822500
1041200
745600
1052500
508800
1051400
513900
808800
661600
1044800
1075700
1186900
1043500
781400
507700
1063600
521800
544600
1066100
1077200
689600
506000
523800
655900
507500
1068300
508700
1103900
1064800
1083600
1066700
508200
1066100
539300
1064700
553900
1044600
509000
545200
520900
639400
508400
1088100
508000
620100
507600
1082200
509100
857500
1049300
1091700
1097800
747200
1059700
509800
1113400
1055500
565800
508100
525900
641800
507700
1082000
625900
628700
507500
1065000
507100
1080100
656700
1259700
509600
785900
1051800
506400
1074200
510300
1088900
566500
600400
507600
1084000
541300
519900
1084500
607000
540400
1100200
510100
1167100
565200
1065600
508200
702000
1057000
756300
1043700
509000
701800
1064500
526700
674200
508300
544900
626500
508000
1078100
584400
1315500
652200
541300
1058000
1009100
543900
736000
1052700
849500
585800
507400
1084800
541100
519300
1085800
630200
540100
1069900
547700
743200
508100
623900
1055800
597700
507900
1057900
613000
508400
1086700
541300
1068100
641400
655500
508600
513800
708700
507600
1049600
509000
791300
1075900
623700
1406600
652800
1049500
508300
1088500
509000
1098700
639400
545200
1042600
599000
622700
507600
1043600
639700
722600
1073000
513300
1091400
507500
1102700
1100900
1059400
1065900
587500
1037400
803900
1042000
507800
693200
1049600
509500
542700
1132000
706000
507500
1041500
679500
782600
824000
1072900
686700
552400
1076400
568900
715200
800300
560200
1071200
656800
715600
795100
709200
734600
610200
898500
610900
1093200
625500
697100
821600
1068500
1637800
1038500
844200
704600
506000
644600
528900
1107900
509000
1027100
511100
1067400
602600
732000
807000
757000
914700
654300
1130400
1096800
1100600
1054400
640000
689600
1056000
557600
1114700
750200
636600
766700
558200
1094800
683000
559700
1072300
635400
725900
602500
1093200
1099200
1070200
624200
1060300
664900
528700
1036100
689100
506000
607300
634300
505800
529300
665800
505700
644000
732700
753300
383600
1552900
511800
1104300
719300
806900
705000
1065800
1095900
536600
549400
1072400
559600
1070400
632200
690400
508500
628900
671100
508400
525200
729900
1050400
580600
794100
557700
1045200
701400
802100
708500
808800
762600
801100
713200
796900
709400
798900
721200
1051200
722200
552200
739000
1086800
569900
1063100
524100
600000
526200
700700
795300
559700
1072200
646000
727800
795500
715600
802400
709700
803200
712500
822800
710000
1056200
850700
793900
1055200
654300
508500
586200
636400
1043000
1114600
511300
546400
1117600
1634500
571200
1066900
754200
806900
1061100
521800
1083400
647100
1397300
1031600
1097500
537700
783700
1033300
847600
623000
1077800
508300
754800
806500
723400
1587700
666000
1063700
513900
1077600
1086700
568700
1070900
684400
556600
1096300
535900
1087300
519700
1147200
673700
525700
1094500
622800
1051800
1050600
592800
1052100
1049700
690000
1065900
826300
602600
1069800
534000
508200
1093600
636200
509100
1706100
537500
1081400
654200
634600
556700
1097000
737900
877100
595800
1077100
1110900
550000
1036700
689200
545400
1104500
718500
541400
557400
1085800
624700
533900
1119900
549700
547700
1089400
738600
508700
521900
932500
1079200
578300
1058900
628200
507600
1076100
544300
547600
949100
507800
1044000
679300
507900
1054800
656600
607000
568000
1031000
685100
507700
1057400
1063700
1068600
1076700
694300
507900
1043500
602300
507500
944000
507700
1048500
1229400
521800
557900
1048200
669200
1038000
545500
768100
1038900
508400
680400
1046100
508100
1050000
543400
688200
507500
521500
661300
507700
932400
507900
1088500
654400
675600
507900
1044000
688400
635200
1049300
508100
1084300
579300
1056800
619600
697800
507600
539300
529400
1063700
641700
1132700
507600
732700
775800
804900
725000
507600
530600
711500
1038900
813900
1144500
1169700
522900
549100
690900
522100
1095800
547700
1221900
507300
1056600
1331000
511600
691600
508600
1080900
626400
867000
511000
1085100
1092900
1075900
649300
604600
1070200
658500
674800
508600
529400
707200
508700
1094800
654100
509000
532000
708400
1056600
509100
817700
1063800
874600
1065700
610200
508800
623100
1047800
1050800
1653500
655100
1037400
1170400
1045600
587000
1203600
1106500
1575000
1191600
2445700
2438600
1186200
1053900
1015800
1155800
1047300
626400
1033600
1112400
601100
1053500
1084400
1102700
731700
530800
1084100
1140600
510100
558700
687600
508500
1099000
636500
508500
525000
706700
508400
589700
710300
1060700
990700
1049700
522500
538000
533900
701900
508600
537500
709000
509100
591500
739000
1069800
559400
701200
509200
1080700
740800
1053300
1004900
881100
1220200
542500
528600
1079200
581100
509200
1096500
648500
1073600
736500
633300
509100
526900
808700
508800
526300
713200
804900
1091600
672400
687600
1065900
669100
508400
524600
1182300
616100
1070100
556400
703900
1068700
551800
809700
1050200
674400
595800
535500
553100
1116100
1081900
566200
1070600
525800
509200
605500
531100
1092300
654600
627800
508500
1152700
588100
508200
575000
633900
508400
1258200
496900
1071400
735500
1067100
829300
1058400
521800
732200
509100
747300
608700
628500
508000
1092900
646300
508300
1133900
627200
508600
583500
638700
1057000
642800
1098200
1047900
766100
1065600
652500
624400
508700
553300
537200
1077400
526900
701600
1045100
1027800
1176200
825800
1062200
735500
638500
1035700
537900
721600
1060800
543400
707600
1051800
507800
1096100
770300
1057100
563100
525800
1563600
707000
1066300
507400
1083100
554200
770500
507000
520900
897100
1090900
521800
530600
1143500
607000
505700
697000
453800
1049400
666900
1141700
1040200
533900
1122300
620200
505900
577400
644700
505600
536300
750300
505800
611600
630200
505700
592000
629100
1058500
587100
727900
1098100
594000
756300
1221100
500400
508400
1127800
530600
1033600
544800
538900
578500
635600
508400
695800
458300
508900
592500
624700
509400
530100
1035100
643700
1155700
581200
508800
697900
457000
508700
1150700
589100
509000
632500
1577600
630600
623700
508400
1252400
565800
792100
1049700
703800
1149600
1043800
587000
508100
523800
1091600
462600
508800
577700
634300
508400
1148400
608300
508500
526600
748900
508500
605600
647100
1150400
1059300
827500
778300
756900
752700
767400
363100
1035000
1119600
735700
482700
753000
755000
757300
969800
543300
552400
536100
680700
365700
1039100
546500
1055100
521400
536200
695500
756100
760900
762200
367600
1034400
1138300
1625500
1127500
1233100
1298500
1976500
823700
850000
1298100
1264500
1251800
1262500
1259800
1256800
792100
1244300
1239300
1318400
1422200
1326400
794400
1288100
1253300
1656600
856500
966600
1409400
1430800
1788600
846700
1569500
1460900
1104900
1646100
877300
887600
836600
1266800
1540000
835800
791200
1334000
804700
906300
1078800
984300
1266600
798900
1256900
1295100
1311100
1264800
1267400
1300200
1907300
833200
834100
1324900
1309700
1151700
907000
760300
1262700
1304400
1262600
1261000
1259000
1125600
1360100
810100
1770800
997300
851400
1626200
799600
1623100
1118700
1313500
1258800
1791900
826800
1534700
996100
737300
794100
803400
1341400
1326800
1313900
1069900
758800
1253300
1595200
827100
1369000
1107000
1414100
968600
1392100
856100
1322700
823700
1264500
1747600
994800
1577100
809900
1237400
1224800
1203300
1233200
1600200
506300
1071400
589100
703500
507100
1059100
672300
1036900
521800
1073200
662100
543400
1025100
634200
1058900
549300
692400
508300
548900
1110500
558700
627200
510200
1071800
512100
527800
1071900
712800
1127300
1064000
510700
531500
527000
693900
508400
530700
531900
1302000
1101300
1081100
1105500
540500
1151000
684000
1050000
659500
1875700
622800
1041000
509900
514800
721900
524200
1051100
1068100
511400
1062700
650700
1052500
604000
1165200
1143900
1112600
820200
1050100
791900
1049400
610000
509200
524500
533600
554800
525400
601500
1043000
509300
718100
1044000
526400
1067100
550300
1091000
637300
1049100
712500
1049200
506000
1083100
506300
1375800
1122200
1087200
611700
696800
509700
532000
526200
536100
1063700
508700
856800
1050900
510300
531500
519800
695600
1039600
537700
1068300
1620700
508000
1092700
1106500
507800
1058900
1117200
1867300
1066600
1149800
1039400
507100
1048400
506800
534100
519200
718400
1053700
636200
1037500
532500
1061800
585900
1041700
734200
525300
1058900
508200
683400
507400
1055200
588400
508300
520200
528300
1087700
507800
622700
507900
1054300
528700
534300
1053300
588600
1036500
506800
1574000
507000
1083200
506600
754400
1036400
506500
768800
1050900
539600
1031600
505600
515000
527300
524200
1136400
823800
1560500
1129700
1221700
829100
1532700
896400
511100
1061900
1107100
905300
1043900
506500
758200
520000
1033900
510000
1079500
12902300
24632500
15933000
14264800
711400
1108200
1058100
507500
524200
1048500
550400
601200
1041600
507500
1021200
537300
1049400
1062600
506800
625200
506500
1039000
506600
768000
1043300
491100
1047100
527400
517000
615000
1103900
1032300
1039000
565500
1102400
646200
1032700
1033700
818800
1836100
735900
1214100
1037300
994400
1367400
1027900
1357900
1189800
744600
688400
1085000
1123600
1041800
726400
1070600
1147100
1055100
630900
1032000
550600
802600
506700
1045600
520000
530900
1104700
709700
505500
515000
620500
505500
518100
633300
505500
1053100
1094700
694200
1047700
707800
1066200
507500
612600
508100
1059900
509300
743100
505800
520600
696100
505600
1044500
507600
572100
505600
1047200
618900
696400
1197400
1104800
1061300
510500
1084900
607200
506000
534700
668400
507400
518600
596800
1029600
1052500
508100
658700
1044300
509300
1056800
672100
1224100
851300
1184200
1076800
586300
851100
1053200
509500
535200
1052200
520800
523400
1082000
536700
1156100
1201700
1548100
1711200
2293200
1891200
1126400
1171400
1074300
510500
531800
541200
646300
1053900
522400
704600
1058600
650100
750900
1056000
1173200
769000
509900
1053100
556200
1066100
554900
736000
1061600
532200
745300
1059300
933100
973600
522800
535300
1072300
2229100
1129300
1043900
1100400
629100
1057300
507300
1058700
513400
1075000
757300
1052700
721100
529200
528400
816300
1248700
651500
1044400
619300
1045600
507500
545900
541300
745400
1075300
569700
1043200
511600
544800
524700
1084900
511500
2238000
905900
1094400
839900
510800
1128700
793600
1043800
510000
1079600
508300
1060500
618100
527500
531100
931700
1047200
1153500
1222500
1076900
646200
1041300
507500
519600
527000
833600
506900
1608000
506200
1065300
1254600
657700
1065200
1128200
1550400
839600
617900
1074400
631500
759900
1050000
605500
1072900
547400
1067400
510900
1162200
511900
2229600
983400
701300
701300
1048500
715000
1045300
619500
539200
1053500
706500
1046500
622600
658300
663500
1035800
785600
1060900
608300
533500
670000
769400
921000
1035700
1050800
803400
1049100
505500
528800
545800
520800
1044400
509500
1056500
506000
1041600
834100
1284800
890700
1025900
1076600
801600
1029700
796900
1037200
744100
1028800
743300
1047700
847800
1022100
508800
1085300
1112200
857700
966800
1689500
508900
1101700
620700
1049000
604500
1037300
1061000
627700
1088000
506600
508400
1103900
508700
1036600
510200
1181100
1071100
752100
521400
527100
715200
521400
1090600
655500
521600
1042800
668300
541500
980800
521200
1078800
662600
798600
702800
1050700
588000
1154100
548700
855100
516100
744400
792300
747600
792100
716500
803400
732800
796400
526300
703800
538700
537900
736300
935900
585500
1057700
992600
1061000
554700
585700
640300
508500
526500
701600
1053400
556200
721600
798600
746500
799000
720000
802900
730600
802700
708600
1161300
957900
1051700
1182000
675100
589800
508700
587900
643900
508200
1252000
610000
709700
864800
670500
803000
718400
793200
717200
800400
862800
550500
1162900
507100
1015600
881400
677800
1059600
506500
740300
801800
723900
1329500
712200
801800
801000
1567300
679500
727400
1247500
1058500
1111300
576400
1071600
642600
750500
554200
1082200
698900
696700
800900
715400
802700
709900
797300
717200
795300
747200
684600
1043400
855400
718000
1068100
522000
747100
763200
798800
702300
540500
1099200
677000
584400
1042200
663500
689800
804400
731600
801600
719600
800300
1080100
786000
550800
1062900
972300
521300
1119000
619200
554200
1095400
1228800
566000
516300
582600
656700
1044900
506400
746500
804200
765100
1073100
577600
1054100
1148000
567900
866300
1055600
523800
1060800
627500
736800
506100
624100
612800
505500
739500
512600
1060500
698800
507800
1073900
1094000
1094800
1112100
631400
740400
804000
746600
796900
712400
799700
555000
1065600
648800
692100
804200
724300
805000
708800
801700
1152000
806600
1170800
1042900
699700
834500
720900
799800
728100
798200
721300
806500
723500
796300
570500
1094400
637300
800400
723100
806200
885300
1408600
510500
541100
882800
561400
537700
555600
1102000
687800
702000
802900
717600
794100
724800
794500
721400
800300
724100
588400
1561200
815300
1045600
1087800
796500
717700
608900
1068100
662500
747300
801400
556000
1056400
659800
729800
803900
724900
588500
1115300
623000
892500
1052500
1079800
1069700
797400
554900
514300
760100
806700
721400
801200
733400
795400
678700
1114500
634700
1035200
506600
757500
1046900
614700
628300
1147300
1111600
720600
606300
641300
584700
1056800
640800
510300
527400
736800
804200
721400
859200
688100
800800
723200
797000
544000
1310400
660300
635300
1092200
791000
640100
1062100
668900
528700
1085800
614600
545100
1074900
649300
627800
605800
893100
607300
943200
877500
832800
1197100
1218200
1116500
764100
1048100
505800
765000
797500
719700
798300
714700
799200
746800
798600
555300
1241800
624800
1051400
685300
1067400
1202100
507400
544600
544800
725500
807900
556800
1055500
682400
706300
798500
734300
795200
712200
797700
717000
803700
736500
945000
509000
1179500
1057500
764800
1074800
676800
825600
531200
534800
732900
713500
510200
523300
533700
694100
509200
570000
640200
508800
1075300
709700
1060800
514100
1095400
509900
1061100
622100
656100
608700
791600
1080900
505900
712500
803400
556100
1117700
708000
725700
1037600
843100
1821300
1456900
1065700
887200
1758700
1193500
1787100
929000
1270800
1272700
1276100
1263300
2155200
1496900
1250900
1324600
1353400
939500
1236200
1632300
898100
1274800
1259500
1246300
1757200
1330500
581200
1089300
1313000
1376300
1267700
1036300
795800
533500
1940600
871800
1665200
1360200
1824600
1268200
1682700
886000
1700400
907900
1264200
1267300
1268400
1275200
1031200
1428400
897400
908000
1240500
1689500
871500
1605800
938500
2254000
762000
1700500
1550900
1707200
912300
1726200
896100
1238600
1251500
1155200
1134000
1194400
1839200
785000
2341800
1509200
1070800
1271500
1134800
1013400
827300
1268800
1267300
1280300
1359500
1691500
1577100
1445300
912900
1319400
1280900
1253700
808500
1601800
954500
1225300
1378000
870100
1620800
1374500
515100
1346900
1489700
895500
1703600
918200
1712400
618700
1613300
1334000
1924000
1527600
1363700
1453000
865100
794800
1227500
1315600
1695900
918500
952000
1653800
2998400
1437600
867000
868800
1735000
1248300
921100
1716900
822800
1298300
2250300
1521900
1911900
1501500
858500
1706400
790100
1258200
1293500
1061300
836000
2128300
2362200
1280200
1810800
1438800
906400
861200
1702300
1539500
1904000
1880700
852300
838500
1707700
1118400
943200
818600
1248000
1490900
1375400
1886600
1458000
820700
1264100
1256900
1373200
867700
1551800
1487200
2287000
2579600
1029500
1144000
1314500
1333700
879800
828300
1702000
847700
1973800
1897100
1749800
1594400
1316500
1576600
1328600
1325700
1350000
2686300
3264100
1954500
1056000
1368000
845200
866900
1101600
1286600
1122300
1732700
666600
1117100
531300
1069300
816000
543800
525400
1046600
1093500
515200
530900
1629400
530000
2419500
1336800
1597600
1459200
1427600
952500
1056700
1154800
826800
1097900
1099700
1254000
3102700
653400
1105500
577700
1058800
1088000
925000
1073500
512300
1201900
1655100
1661100
1329000
1053500
2164100
1057500
1095400
566000
1395200
1076300
1087500
1596100
1529300
1681000
1239900
671700
1504200
949500
2084600
1447900
1354300
715300
1486900
1620300
1544100
1644800
622900
1607900
774100
751500
730300
861500
1582300
842300
2030000
980200
1677300
1045800
1658000
1033100
1204700
745900
1063400
1719500
557400
1619300
1630600
835100
1090300
1070900
854000
507600
547200
520500
529200
815100
507300
1067200
522100
1064700
508500
1090700
1053700
505700
521500
517100
1057800
703200
1056500
1151300
817200
683800
1120800
1056300
506800
682100
1039400
505800
670200
507500
1116600
582300
508200
1047600
549700
632900
1040800
766800
1437700
677400
1038600
506200
515000
1043500
604200
509200
1102500
589000
1042400
609800
1399100
630700
1037600
508700
674100
508700
1176400
1516200
1411000
1044400
1074600
508400
707800
1042200
643000
1310500
1029200
506900
1059800
507200
1051500
505500
1048900
505900
1066400
1060200
1181000
1016500
553700
523100
1056500
630800
1171200
506400
694600
1072900
538800
1093300
706500
1048500
549000
1355100
1187200
1165100
522100
1096600
509500
534600
568700
1022900
508100
1073100
506100
727200
507900
1040700
608700
507400
1044300
617200
1048400
530100
1554000
508300
1068300
1068600
718700
509500
547200
1071200
717300
808600
675800
509500
524500
646400
507500
1061800
598000
1041900
545000
525500
1057500
1074800
509500
1207600
723500
1056400
581000
1059200
506100
801800
1058200
511500
1064100
970200
1034800
1099700
514300
1097900
1081600
1542200
729800
1030700
509500
1081100
823500
1051900
507100
509200
774300
1050200
510200
1079800
559700
1067100
573500
777100
1036900
508100
1101200
718800
1056600
522500
1074600
517900
810200
710800
535600
1075500
621600
517000
509900
509400
726000
1055400
627300
831100
1062400
513500
1076600
520900
1062100
507800
1061500
710100
727900
1160100
508000
519800
520100
668500
1049100
549400
677500
507300
518900
713000
1056700
812600
1048500
508400
1664500
508800
1090500
614500
1052200
511000
505800
783000
803900
740600
807900
798500
1063100
511800
560900
555100
520700
1066200
673700
707200
1058100
552700
742000
516900
536300
744900
1065100
653800
634500
1062200
507000
769900
1037500
508400
674500
1181900
598100
1053600
1067800
505700
1059300
506300
1088800
506400
528200
528800
724000
509000
545800
1235400
673700
1056200
508200
821200
1040900
599000
1054400
670000
683900
1040300
659900
1056300
553000
1059800
531500
521800
683300
509500
543300
1100600
598000
1069700
645000
1085900
1021800
893300
1049200
785400
1048300
509900
1051000
506600
729000
1038000
570600
1102900
1074100
658300
1055300
678000
778800
1052500
507700
1085100
684000
1073800
540600
520500
528900
531200
544200
711900
506500
1058800
668000
1030300
552500
698300
1025600
555800
695600
1028500
546400
708800
1059200
509000
743200
1030900
544700
695800
1024700
553000
538600
1072500
703200
735900
1066700
1090000
507700
649200
508300
1063400
630500
508300
529100
1063200
550600
771900
1051000
507400
647200
508200
518700
646400
1072200
579400
756800
1070800
526100
1081200
558300
1087300
611200
659000
1074100
455700
1066500
510500
1124400
594200
1052300
559200
1072000
511000
783200
1072300
582000
766000
1073700
591000
1074900
560700
538300
1104600
645000
1096300
564200
1080600
836400
652900
1177100
510800
1089500
512000
1039400
555500
766800
1075200
543300
1058300
1092800
759900
1061300
661100
641000
1055600
1129000
1059600
510100
532600
552600
744500
1062600
731100
568500
1059900
509400
532800
940200
508800
540900
738800
522600
540100
706200
546000
1066200
990600
1046000
546800
1029100
1069500
523400
1094700
618100
699000
532500
1093800
707400
546900
1079000
656000
546300
1084900
666100
690000
1257900
1128300
1071100
611700
686900
546200
1089400
685800
559300
1107300
509100
735000
546100
1096300
616300
556200
1595400
686200
675600
523000
1070000
1080000
1098300
522600
545300
540800
708400
547300
1077700
678500
695200
538900
1071000
539100
1092900
522400
702700
547800
537400
685200
521300
541300
696200
1070500
644700
597400
521800
541800
685800
521900
1084100
660800
763900
834600
709900
761700
754600
794800
761300
1022700
561900
763900
1055700
473100
1057000
521200
737900
751400
863100
667000
733100
752400
1583200
668200
726000
752700
839400
1078600
777500
1123600
720400
659900
843600
1073200
678900
784400
725800
762500
755100
748300
763200
752900
754100
754300
752300
752400
1032600
577000
562200
546700
722400
754900
760400
768900
830700
779500
1071800
576000
325700
1035100
1090300
770900
485800
759300
765700
762600
743300
842500
760900
774200
1038300
547200
697700
1039400
511200
807200
507000
523100
787100
521600
524200
682600
521500
524800
560900
1071200
913900
626400
521700
540700
697500
1101000
544200
1055000
683200
521600
531900
1561700
545200
545900
529700
687900
508600
528300
682300
735700
1070500
637800
685200
508500
521600
716200
508500
1074500
644700
508600
528100
805300
1042100
509000
526700
1081900
643500
508600
520500
1371100
656600
1054400
598400
1104700
931500
1029700
1058400
520600
746000
1134800
1083200
646600
506300
514300
804000
509000
1053100
522200
511100
1052800
531000
543800
1056700
506500
606800
1075900
1050000
506300
606800
1038100
1248000
775500
1095600
1503400
1126200
1620800
657500
511500
524000
592500
507500
1057300
508700
1209900
1141400
3059200
1051300
1052600
817500
1059900
509900
1059400
511300
1078100
637000
1052900
509700
752900
1040700
510800
1066000
557500
525200
1073400
510600
1056300
507000
1040400
1063400
506000
723400
1031700
506500
1039800
541700
716900
1033000
549700
747900
1037400
506200
529500
1662100
1154600
1064600
1071100
513300
532300
530500
722400
1035500
620800
802400
694500
1367700
903500
1182800
1746600
713900
1245200
511200
1085000
508600
1063300
667700
672000
521600
523400
688600
1048300
693500
1042000
1635900
510700
1099200
552500
1077200
1111600
727700
604100
1067800
550700
773600
522000
549500
692800
521600
1117800
558500
538100
1072000
640300
692800
1058700
548900
560800
679300
1064900
638100
1081400
521400
688800
549500
696800
546600
1097500
689100
693600
1052800
1086600
730600
713100
521800
1096700
639400
521600
1185800
666600
1040700
506100
1045000
510000
1092800
812600
655900
521000
522700
697800
521500
1116900
714800
678600
521500
1051400
660800
521500
1070900
1057700
1105000
509700
821800
521600
1061300
1176600
1025100
507000
1069500
844800
1034500
506400
1065200
506100
1098000
506800
1085500
1072200
1194300
1038900
529900
531100
685400
1031400
542800
1059100
507100
1076300
1049800
684400
1107300
656300
1054400
507900
1510600
5039000
3008200
2317300
880300
1108700
545400
1059300
1051600
507200
1179300
1047800
1054800
1001000
1300800
1118600
1124700
1071300
1093200
581900
1035900
616100
1054300
517000
1711100
1191200
1106400
1048300
509300
1075400
510000
1058800
509300
1081000
510400
525500
519900
523100
532100
521900
534800
541300
517300
700300
1051200
508500
1145900
1056000
609400
507400
520600
1065700
508000
1045900
641900
724600
507100
1044900
737700
790900
1069300
633700
1034100
509100
540100
1086000
509100
1067500
668900
507000
1068100
579200
1039400
778400
670900
1102200
1185200
508300
1060100
507600
636000
507800
1053500
556400
1070500
508300
528700
1212600
1031900
542300
632600
507300
1043700
541500
550500
1406800
1026100
506600
875000
1062900
810300
1048300
567500
1045500
608400
1067200
1031800
885800
1032000
600100
1047600
712300
778200
508800
548900
709700
1048000
535500
524500
1035300
704200
1056200
1127100
507800
1102400
1060200
509900
1076200
557500
1145000
885000
726100
1186600
1115800
558700
1098200
654300
549100
1095700
753100
1068300
650500
1075300
510000
736900
1066500
507500
532100
547000
759500
509600
539800
529700
515000
739200
1034600
709200
1161500
645600
1047700
634300
1055600
1075400
719500
661000
1045700
1642500
716600
1065400
508600
527500
642100
1061500
640800
1040300
765600
1067800
909700
1044800
832800
536900
515700
1067600
509900
1052400
511300
541200
533000
540500
538700
1175400
691400
1040900
826700
1046200
507700
1049600
563500
1037000
717500
1039400
615500
531300
546400
745000
1040100
643600
530400
1543900
1072500
611900
652700
1057700
1073000
594600
1063900
510600
1079700
510500
1069700
562000
1038500
677000
1073100
507300
785700
1672400
736400
1072600
611500
761200
1037900
506900
1059800
512100
1057200
693200
807600
1047100
769200
1072300
1096900
507400
1063500
507700
1057400
699300
1075600
1070400
510900
1077000
655900
1100100
1076500
507400
1078900
513600
1070700
1849300
1114600
1042400
619300
1033200
506700
1059600
505900
1066900
525700
1058500
505900
1048400
666500
1020300
506200
872000
1053600
507000
1091200
507400
1064300
506600
733500
1047100
506300
1071700
1110000
1171100
1076900
506700
1065200
668000
757700
1047400
616600
729500
509700
524200
743600
1058700
545700
1080300
509300
1078800
602000
746700
1047900
753400
1164100
1119200
1050000
785400
557700
1095400
680600
798900
699200
797900
706400
799600
560300
1055900
673000
690200
799900
715300
800000
702200
802200
766900
1134600
516700
1088200
849100
1098900
522900
591900
1077900
661100
798500
733100
509500
492200
608000
743300
1022000
1072100
714000
1262200
527800
1062900
635500
762000
802100
737900
796800
726000
757900
795600
750000
1052400
711500
842600
808400
732300
795400
712900
865700
679100
1038700
1064200
508300
548100
535400
522500
540300
687100
521100
1092600
691700
1051000
508800
539200
1061400
654600
666400
521500
1160700
512900
1074200
637800
1039600
1063700
547300
663300
508300
526100
1060200
508800
1065700
521200
513900
1065400
624600
521200
1095400
509100
665900
521800
517400
1056100
561800
1041700
1149800
522700
546000
1061400
709600
972900
725800
1042800
573100
696800
521800
515500
707700
800000
713500
797000
528000
534800
1056100
507500
1106900
1086500
512500
687800
1047100
930700
602100
1043700
509100
738600
801800
711500
521700
1061300
691800
1056200
542700
931300
1046000
1096300
557700
1666800
636500
1074700
556700
683100
536500
1080800
661100
797700
706500
793800
560900
969700
1313700
592700
1043600
1090700
1053000
967600
1082100
509800
549000
1073600
652000
521100
1058100
697600
1094000
596800
769000
1075300
652800
521300
531800
1063000
508100
1435400
1283500
540200
1057100
509500
679000
520900
1058400
689700
798700
2144700
657500
1049000
509200
724800
1035600
559300
719000
801400
707500
795500
742300
799000
527600
1097300
564200
1069500
603900
690200
842800
1083500
1081300
512800
1590400
752200
804000
1588200
659800
1074500
599200
751700
521500
1093700
614200
1068700
554600
738600
1030700
1069400
643300
1060500
508900
707000
521600
1091200
700600
508900
1094700
633500
511300
532500
750400
521600
1067100
678000
521500
1097900
663000
1111600
982300
531600
1562800
589200
1132200
522000
1066800
612300
682800
521600
522800
685500
521600
1049700
670800
521700
1053500
733900
1047200
681400
1149100
847500
733200
1045800
1068800
640700
521100
1094300
864500
1057700
559800
709100
800500
715200
797800
709000
798800
1062500
1064500
967400
1371500
1040800
506200
865400
509300
539100
1067200
543600
1040200
540500
532600
719000
521800
524400
705900
1050100
642200
1087000
599400
1074100
826600
1047800
649600
697900
1059300
618100
714500
521600
1123300
634000
799100
561200
1074900
645000
813300
1055700
512100
1138900
755700
557500
1081800
710100
799000
1068200
509200
1074300
561800
714200
521200
523400
695600
802700
719800
797900
711700
801600
1072900
534000
709900
522500
1091700
668100
543600
1074600
694400
707100
799700
724900
1571600
644200
521100
1060800
693400
799500
709000
797300
910500
1061300
1122500
1049600
554000
718800
521100
1058400
788000
1052400
508700
753500
798500
703400
794900
707600
797100
739000
803100
724300
908300
1070600
667100
1059100
615000
1259200
778700
521500
1025400
560300
537200
1046000
719100
799400
714800
799000
703400
799400
745600
803200
690800
1026400
508000
1110700
875400
626300
1081600
830700
623000
508400
527800
663000
1053300
522000
526200
1081100
597100
508400
538000
674800
508200
523900
936700
1040800
507000
1119100
524500
738900
507700
1121800
728100
600500
508800
549600
689600
508400
1094300
644000
508300
1094000
642400
1034300
566100
779100
1045400
1076000
1134300
508800
736100
521600
1094900
628900
521500
1111200
547500
560800
534400
689600
521400
1093200
557600
553100
540600
702600
1050000
739400
884700
1053800
654100
688400
521500
1092700
636000
521400
1096000
635700
521500
1050900
650300
521200
1068600
680600
521500
1090500
622700
680500
1032500
1077400
563100
1030800
727300
523500
1095200
558100
553300
523900
693000
521600
1091400
557600
567200
530000
689400
523600
1162500
1218400
584700
1039900
1600100
507000
1041700
505300
524500
1009400
728100
1048700
542300
530400
512000
720400
1032600
541900
737900
1036400
506300
1046800
508000
712400
1023900
525000
1052800
530000
554700
741700
1060300
571400
560300
1023400
559000
559300
1057400
676400
521800
1094800
617800
1049900
610200
1043100
1103000
538400
530400
1134800
755800
521900
1098400
610100
521400
526700
688000
521900
1092300
616900
521100
532100
694100
521600
1071800
1075700
765900
1052300
720000
1158300
541600
546700
709100
804400
707000
798300
716700
796100
706300
796700
706800
801100
746200
801800
545600
1016600
1094100
916300
522000
1079200
614100
720800
795500
706500
802100
723000
797100
705700
801800
688000
521500
1058200
694000
521900
1058600
702800
1049700
615200
1058600
560800
1073400
670600
1089200
509200
717900
805000
717400
796100
744100
878300
640300
800100
741100
800800
700000
521600
653400
1063800
1083200
511400
1057900
682700
1165900
1063600
508900
671700
521200
529900
692300
521500
1096400
559700
570400
523800
687300
521500
1085600
1104700
673500
1076800
509000
535500
1069800
546600
1081000
601600
613500
521500
1093700
537600
1083800
506800
552800
958600
521700
1094000
740000
1046200
581800
1060700
508900
723400
521500
1084000
671600
508600
1071600
642500
508200
1083100
628000
508200
1082800
607600
1046400
549400
761200
1093700
509900
1079400
1144200
1049000
684400
527300
526600
543500
1073800
637800
682800
506000
524800
695500
1069200
521500
667100
505600
538000
663700
1029900
1085400
1091700
1079100
523400
538900
1098800
619100
521500
527100
688600
521600
1072600
644800
521400
1069100
616300
521200
536600
706400
1059800
624800
1072400
510000
1074500
614900
647800
508500
538200
655100
508300
1082100
611900
1066600
608100
690600
508600
525800
743900
1067000
609700
807800
1061000
1050700
565600
532000
532400
674000
508300
1085800
621400
521100
526300
693300
508100
1079400
684400
657000
508200
1073200
638200
1052800
966300
1060900
1054400
506900
1118000
559700
687100
508200
1082600
632100
564400
538400
522500
1055600
583400
508600
526400
742100
508500
1070900
1139500
1079000
891700
559800
527000
722300
508400
527100
687300
602900
1053100
596500
508500
528200
723100
508400
528500
684200
508600
527000
768800
1594800
730000
1065500
1104500
675400
666200
505700
999100
930500
505900
526500
708800
530900
1081300
635400
505700
549800
676200
1064800
509600
1118900
838400
1047000
509700
537000
970300
1101100
615000
686900
508400
1072200
546000
1084600
584800
766100
508800
530000
746600
508400
524800
1072900
614900
1064400
1075400
643300
678800
522700
1100100
633000
521600
1105600
607100
508600
538000
669700
1067300
655800
1069600
555500
1609200
507100
1587100
521100
536900
1171100
546500
538000
1088500
694900
690900
545500
1096100
683000
672800
836500
675400
546500
1072100
708900
656400
1024400
781800
1606400
507200
537800
1081400
637100
505700
537900
668900
505600
523100
523100
1066300
617700
1068100
553900
693600
505800
537900
647400
1038700
507800
1177800
1136000
956500
1245500
1242200
1242400
1263500
1261800
1281700
1270400
1263100
1813500
1454000
1567600
912900
1684800
2047900
788800
1231500
1221900
1240600
1275400
1720500
1843100
1750600
1019200
1276500
1308100
1239500
1632000
1011700
1241000
790300
1250500
1668000
1308100
1368700
1795800
982900
796100
1239500
1237100
1230900
1230600
1269500
857400
1383600
1549100
1616800
1609900
808300
1244500
1823400
872700
889600
791700
1215300
1222900
1592900
1672200
1581200
885700
783300
1401600
1242200
1231700
1249400
1229300
1223500
1236700
2083900
1490700
1272600
905500
1847200
931900
850300
810900
1054300
1624600
1780100
924000
839900
895400
806200
793200
1225200
1213300
1234400
1228900
1238000
1224200
1636400
1020000
1789500
941000
864200
1225300
1217500
1227200
1637000
1185600
950200
1250300
1234300
1469100
966600
1227800
815100
1695300
771700
1510200
860700
1222000
1214100
1232600
1047200
1486900
1378000
1496800
1575200
792900
791000
1229000
1216000
1208700
796000
1216200
1809100
844400
1700200
1236800
1297600
832300
792200
1226800
1230300
1231200
1633300
2224400
958700
1698700
865700
1400700
1328600
832100
1693800
801900
1236400
1211000
1221200
1378000
853200
538700
1618800
1773100
785200
940700
827200
1230000
1235700
1640800
783900
1277300
1306000
1219200
1232600
1231500
1623800
1365300
1859400
792400
1239900
1231200
1743700
918000
1597700
899200
1258500
1233700
1636400
1410500
835100
906800
804500
1217200
1278900
983200
849200
1697300
777200
1048400
1787800
1607300
1097500
1259800
878500
2352800
1080200
1038600
809800
1249500
1222300
1236200
1232400
2284700
1532200
878500
950200
1275700
1244800
1213300
1230700
1243800
1220200
1290000
1291400
1746600
1381800
1406500
1601400
918800
848100
1236300
1231500
1252300
1229300
1239100
1221100
727900
2281300
1868400
836200
796000
1047600
1586400
749500
1217400
1232200
1226600
1229600
1283200
2103100
1455300
796400
1239500
1245600
1237800
1226600
1331400
1299400
761200
1282800
1794900
2317300
927800
1073500
1197000
1263200
1241900
1292400
804500
1352600
1280400
1634200
1337500
1214600
1368000
830000
1264700
1045700
1563200
841600
1250100
1253500
1952800
843500
1445600
1053900
1326400
797700
1238000
1240500
1252900
1240300
1582900
1233400
831700
793400
1260100
1558900
1314000
786500
809800
874000
794700
1242200
1611800
1253600
1251800
1573100
1033600
1398700
979900
849200
804600
1250300
1589200
1452800
811400
1269200
1221500
1225000
1778200
1109300
2414600
910300
1310600
1244900
2261800
800600
523200
1578200
1244200
1904300
1403400
2188900
1737900
1478100
1697500
742600
1170000
705600
1155500
1161900
513900
1563600
726400
2051000
832300
833000
1348100
1248300
1238900
1211300
820300
1242900
1209500
1237200
1289300
1745600
1997900
1472300
1317300
1456800
1317700
818200
1607100
1259300
1112700
1228900
1235600
2582300
1983800
2097900
1680900
1504200
1642000
1675600
1166100
984300
1862700
866700
950500
1309600
1208800
1746000
1163500
1255000
1145800
1331400
1310500
1258900
1275500
1105400
1314600
1101700
1118200
1243400
1283200
1299500
1182100
1642900
941700
1314400
1269700
1445600
1141700
835200
1202600
971200
876500
1203200
1284800
1258500
1280000
1341900
1660500
879900
1771200
1116700
1428000
1280800
1236600
1186500
896800
1348200
1260600
1424700
1368700
1262900
1260500
1594800
806000
887900
1205400
1236600
1253500
1350200
1180400
1405700
1133900
892100
1201300
1264300
813500
913300
1087100
1179300
1361300
1138200
1321100
810400
1252800
1294100
1260700
1251800
1663900
792800
889200
758400
1260700
1254500
1277600
853900
835100
1304000
1266900
1256900
1250600
1672800
1180600
885600
1165800
1297300
1408500
1232900
1309600
1302000
1277400
1315800
1271300
1306100
797500
862600
1150400
961300
929300
1162300
1309600
1263100
1268700
1252900
1702400
891700
1286800
1582700
919400
1581000
776000
1115900
839000
861700
1282000
1688100
954800
1347300
2168700
1422000
1316800
1106600
1263000
1246600
1272100
1275300
1709800
1426100
976500
1308700
801300
810000
540500
1755000
884600
1278900
1185600
1267400
1412800
1192600
1564000
936600
1266800
891500
1395800
1309900
1204400
1280400
1357700
1267400
1251100
1225000
1273600
1266500
1294100
1873500
823400
983500
1235900
1280400
1277700
1341000
1147800
1719900
780900
880500
565300
1644100
1249200
1724900
923800
1245500
1240500
1679700
1242100
755900
1044800
1252600
921300
1284400
1221200
1737700
980600
1247700
1338700
1223300
1262000
1334500
1240900
1680100
830000
986800
1264000
1264300
1250100
1283500
1281000
1270700
1695500
889100
1266900
1276100
1362900
813800
1803400
873200
1302300
1315100
1278100
1276800
1267900
1349200
1270000
1734900
1564700
1513300
874500
833400
1244700
1594500
1423700
799100
1233000
1252800
1235700
1232300
2284900
1532600
1547400
1338100
1365100
2630900
1624800
883100
1285100
1518300
1510800
804600
1585000
1454900
883100
1755100
1535000
827000
1624100
1984800
1517400
2113400
829700
1362600
1263800
1241400
1428800
797300
1235600
1438100
1277700
1238500
1715300
991300
863800
795000
1257600
1249400
1275900
1045100
1561400
1577300
791200
1264800
2440400
1366400
1101700
1582900
880200
1245500
1261600
1290600
1285000
1242700
1262300
1753700
1512700
1482700
898700
817700
1251900
1584400
971500
953000
806700
781000
1274100
1322200
1791600
1350400
964900
805500
1254100
1248700
1902600
905700
1237500
1936800
844700
1245700
1755400
1577200
1113400
1206500
1841500
884000
1271600
1242400
1294400
1050900
1570600
721200
1812900
761500
747100
1413300
1237500
1599100
1232800
788700
1236000
1219000
1193200
1212300
1239100
2193400
792100
797100
759800
1230900
1216400
1287800
1053900
1575100
1184400
1223000
1235300
1741300
974300
872400
1237400
1210300
1281600
1239000
1237500
1407300
1527200
1340600
509100
691200
1044700
1354500
841000
1046100
532300
1172100
584000
1031700
546900
621700
749800
1039700
611000
509100
1053900
1058300
508900
581600
508900
1059900
1021900
647000
1140300
509700
628700
509800
1060800
732400
716300
1171400
1753200
1028300
1641400
1575500
638700
1039700
607600
1273400
2132300
1559900
1055300
1076800
509300
713100
521500
1121400
1155400
558400
1071700
510400
1054900
710800
942500
1053100
1079700
1082400
507200
1059900
1087000
510300
1078000
509100
541000
523800
723800
521700
535500
720500
521600
808300
557600
1086300
524200
1085200
1069400
507800
1076900
1606000
513600
540500
515400
767200
522200
1053000
543600
655000
1247000
834900
892600
2513600
1097600
1117700
1059000
1049600
506500
1057400
505400
699300
505200
664800
987400
1090900
744000
1044200
646600
788400
1044200
1116100
820500
1091800
692600
701800
521500
1070500
637100
521500
1053100
673900
521500
1059100
674500
521500
1094900
617800
521400
521700
1065900
737700
1119000
733400
521600
1097000
677700
521600
1093200
635500
521300
964200
522500
1052200
1077300
536700
543700
1073800
622800
521600
1511800
1065800
606800
1056200
686100
521600
1108100
559600
562800
1094000
644800
521600
949900
521500
1092200
557900
567500
524500
687500
509900
1090400
833700
1052900
1059200
962000
1029400
551700
1080300
514700
545600
522600
773500
521500
1072700
645600
521700
1094500
614900
521100
532200
715100
1066800
750800
1063500
509100
1088700
571700
686000
521500
1094500
558200
567000
532200
694400
1054400
952600
523200
1194800
521100
1106400
549600
710000
904900
793700
1058000
571600
538800
1040800
686100
521700
1057300
702800
801800
711700
799100
702900
796300
856800
1049800
538800
521800
707400
1057200
608200
1273300
543600
1092600
509000
758900
805300
709100
791100
704200
801200
712300
792100
808400
509300
1087300
612100
521100
1058600
758900
539700
1053800
814800
1038900
507100
1058600
509800
734800
1046600
546500
704700
797700
711100
801400
1076800
782300
648300
508900
526400
690900
508900
528400
893200
1051300
668000
508800
532800
697400
508500
528700
697700
508500
1186400
807400
1041000
744800
557500
1078000
700700
715500
798600
697600
521600
519700
742100
1058600
561800
711500
796200
709100
799900
713200
2037000
510400
1074700
758000
1042400
524000
1082600
512100
1099700
670400
1049700
620100
1148900
1065700
1448200
49952400
13819200
1041100
516300
537300
1052300
742600
1032700
554300
1106700
1064100
