100 threads

523800 
547700
548800
601400
165400
652200
629100
510000
528100
522000

522744,4444

500 t

40130600
38649400
39025100
39876400
38844500
42481600
39822600
41766400
40025200
40855000

40149577,78

1000 t

1049116700
1257357600
1036298700
1060297500
1022988800
1050608800
1221398200
1156757000
1098223000
975817000

1097749622

sequencial

100 lin

1794900
1661000
2162600
2307400
1742700
1645100
1798100
1679400
2272600
2325800

1954966,667

500 lin

380783900
384340400
386095100
392204500
382096800
377619300
395772900
383340600
386245100
394980100

386966088,9

1000 lin

8317443800
6825186600
8199809300
7483462000
8233135800
7881410200
8147028200
7151828500
6744307700
9053035600

7746578211